{
 "cells": [
  {
   "cell_type": "code",
   "execution_count": 7,
   "metadata": {},
   "outputs": [],
   "source": [
    "source('../src/load_data.r')\n",
    "bh2 <- BostonHousing2"
   ]
  },
  {
   "cell_type": "code",
   "execution_count": 8,
   "metadata": {},
   "outputs": [
    {
     "name": "stderr",
     "output_type": "stream",
     "text": [
      "Warning message:\n",
      "\"package 'rpart' is in use and will not be installed\""
     ]
    }
   ],
   "source": [
    "#check for redundancy in the data\n",
    "# Let's examine redundancy by dropping a feature and seeing if the other features can predict it.\n",
    "install.packages('rpart')"
   ]
  },
  {
   "cell_type": "code",
   "execution_count": 9,
   "metadata": {},
   "outputs": [],
   "source": [
    "library(caret); library(rpart); library(reshape2)"
   ]
  },
  {
   "cell_type": "code",
   "execution_count": 10,
   "metadata": {},
   "outputs": [
    {
     "name": "stdout",
     "output_type": "stream",
     "text": [
      "[1] \"medv :  0.6874088589655\"\n",
      "[1] \"crim :  0.475056909523083\"\n",
      "[1] \"zn :  0.71404706859643\"\n",
      "[1] \"indus :  0.903422359380291\"\n",
      "[1] \"nox :  0.875620449302446\"\n",
      "[1] \"rm :  0.459726119381905\"\n",
      "[1] \"age :  0.689574530333404\"\n",
      "[1] \"dis :  0.849856682842858\"\n",
      "[1] \"rad :  0.967246784234809\"\n",
      "[1] \"tax :  0.860750285439686\"\n",
      "[1] \"ptratio :  0.875515433054439\"\n",
      "[1] \"b :  0.420426671156515\"\n",
      "[1] \"lstat :  0.686151738578201\"\n"
     ]
    }
   ],
   "source": [
    "bh2_numeric_feat <- Filter(is.numeric, bh2)\n",
    "calculate_r_2 <- function(actual, prediction) {\n",
    "    return (1 - (sum((actual-prediction)^2)/sum((actual-mean(actual))^2)))\n",
    "}\n",
    "\n",
    "calculate_r_2_for_feature <- function(data, feature) {\n",
    "    n <- nrow(data)\n",
    "    \n",
    "    train_index <- sample(seq_len(n), size = 0.8*n)\n",
    "\n",
    "    train <- data[train_index,]\n",
    "    test <- data[-train_index,]\n",
    "    \n",
    "    this_formula = paste(feature,\"~.\")\n",
    "    fit <- rpart(data=train, formula=as.formula(this_formula))\n",
    "\n",
    "    y_test <- as.vector(test[[feature]])\n",
    "    test[feature] <- NULL\n",
    "    predictions <- predict(fit, test)\n",
    "    return (calculate_r_2(y_test, predictions))\n",
    "}\n",
    "\n",
    "for (itn in 1:length(colnames(bh2_numeric_feat))) {\n",
    "    feat = colnames(bh2_numeric_feat)[itn]\n",
    "    print(paste(feat, \": \", calculate_r_2_for_feature(data = bh2_numeric_feat, feat)))\n",
    "}"
   ]
  },
  {
   "cell_type": "markdown",
   "metadata": {},
   "source": [
    "But this is subject to randomness. There is randomness in my `train_test_split`. Let's do the whole thing many times and take the average. "
   ]
  },
  {
   "cell_type": "code",
   "execution_count": 11,
   "metadata": {},
   "outputs": [],
   "source": [
    "mean_r2_for_feature <- function (data, feature) {\n",
    "    scores = c()\n",
    "    for (i in 1:100) {\n",
    "        scores = c(scores, calculate_r_2_for_feature(data, feature))\n",
    "    }\n",
    "    \n",
    "    return (mean(scores))\n",
    "}\n",
    "\n",
    "for (itn in 1:length(colnames(bh2_numeric_feat))) {\n",
    "    mean_r2_for_feature(data = bh2_numeric_feat, feature = colnames(bh2_numeric_feat)[itn])\n",
    "}\n",
    "\n",
    "for (itn in 1:length(colnames(bh2_numeric_feat))) {\n",
    "    mean_r2_for_feature(data = bh2_numeric_feat, feature = colnames(bh2_numeric_feat)[itn])\n",
    "}\n"
   ]
  },
  {
   "cell_type": "code",
   "execution_count": 12,
   "metadata": {},
   "outputs": [
    {
     "data": {
      "text/html": [
       "<table>\n",
       "<thead><tr><th></th><th scope=col>medv</th><th scope=col>crim</th><th scope=col>zn</th><th scope=col>indus</th><th scope=col>nox</th><th scope=col>rm</th><th scope=col>age</th><th scope=col>dis</th><th scope=col>rad</th><th scope=col>tax</th><th scope=col>ptratio</th><th scope=col>b</th><th scope=col>lstat</th></tr></thead>\n",
       "<tbody>\n",
       "\t<tr><th scope=row>medv</th><td> 1.0000000</td><td>-0.3883046</td><td> 0.3604453</td><td>-0.4837252</td><td>-0.4273208</td><td> 0.6953599</td><td>-0.3769546</td><td> 0.2499287</td><td>-0.3816262</td><td>-0.4685359</td><td>-0.5077867</td><td> 0.3334608</td><td>-0.7376627</td></tr>\n",
       "\t<tr><th scope=row>crim</th><td>-0.3883046</td><td> 1.0000000</td><td>-0.2004692</td><td> 0.4065834</td><td> 0.4209717</td><td>-0.2192467</td><td> 0.3527343</td><td>-0.3796701</td><td> 0.6255051</td><td> 0.5827643</td><td> 0.2899456</td><td>-0.3850639</td><td> 0.4556215</td></tr>\n",
       "\t<tr><th scope=row>zn</th><td> 0.3604453</td><td>-0.2004692</td><td> 1.0000000</td><td>-0.5338282</td><td>-0.5166037</td><td> 0.3119906</td><td>-0.5695373</td><td> 0.6644082</td><td>-0.3119478</td><td>-0.3145633</td><td>-0.3916785</td><td> 0.1755203</td><td>-0.4129946</td></tr>\n",
       "\t<tr><th scope=row>indus</th><td>-0.4837252</td><td> 0.4065834</td><td>-0.5338282</td><td> 1.0000000</td><td> 0.7636514</td><td>-0.3916759</td><td> 0.6447785</td><td>-0.7080270</td><td> 0.5951293</td><td> 0.7207602</td><td> 0.3832476</td><td>-0.3569765</td><td> 0.6037997</td></tr>\n",
       "\t<tr><th scope=row>nox</th><td>-0.4273208</td><td> 0.4209717</td><td>-0.5166037</td><td> 0.7636514</td><td> 1.0000000</td><td>-0.3021882</td><td> 0.7314701</td><td>-0.7692301</td><td> 0.6114406</td><td> 0.6680232</td><td> 0.1889327</td><td>-0.3800506</td><td> 0.5908789</td></tr>\n",
       "\t<tr><th scope=row>rm</th><td> 0.6953599</td><td>-0.2192467</td><td> 0.3119906</td><td>-0.3916759</td><td>-0.3021882</td><td> 1.0000000</td><td>-0.2402649</td><td> 0.2052462</td><td>-0.2098467</td><td>-0.2920478</td><td>-0.3555015</td><td> 0.1280686</td><td>-0.6138083</td></tr>\n",
       "\t<tr><th scope=row>age</th><td>-0.3769546</td><td> 0.3527343</td><td>-0.5695373</td><td> 0.6447785</td><td> 0.7314701</td><td>-0.2402649</td><td> 1.0000000</td><td>-0.7478805</td><td> 0.4560225</td><td> 0.5064556</td><td> 0.2615150</td><td>-0.2735340</td><td> 0.6023385</td></tr>\n",
       "\t<tr><th scope=row>dis</th><td> 0.2499287</td><td>-0.3796701</td><td> 0.6644082</td><td>-0.7080270</td><td>-0.7692301</td><td> 0.2052462</td><td>-0.7478805</td><td> 1.0000000</td><td>-0.4945879</td><td>-0.5344316</td><td>-0.2324705</td><td> 0.2915117</td><td>-0.4969958</td></tr>\n",
       "\t<tr><th scope=row>rad</th><td>-0.3816262</td><td> 0.6255051</td><td>-0.3119478</td><td> 0.5951293</td><td> 0.6114406</td><td>-0.2098467</td><td> 0.4560225</td><td>-0.4945879</td><td> 1.0000000</td><td> 0.9102282</td><td> 0.4647412</td><td>-0.4444128</td><td> 0.4886763</td></tr>\n",
       "\t<tr><th scope=row>tax</th><td>-0.4685359</td><td> 0.5827643</td><td>-0.3145633</td><td> 0.7207602</td><td> 0.6680232</td><td>-0.2920478</td><td> 0.5064556</td><td>-0.5344316</td><td> 0.9102282</td><td> 1.0000000</td><td> 0.4608530</td><td>-0.4418080</td><td> 0.5439934</td></tr>\n",
       "\t<tr><th scope=row>ptratio</th><td>-0.5077867</td><td> 0.2899456</td><td>-0.3916785</td><td> 0.3832476</td><td> 0.1889327</td><td>-0.3555015</td><td> 0.2615150</td><td>-0.2324705</td><td> 0.4647412</td><td> 0.4608530</td><td> 1.0000000</td><td>-0.1773833</td><td> 0.3740443</td></tr>\n",
       "\t<tr><th scope=row>b</th><td> 0.3334608</td><td>-0.3850639</td><td> 0.1755203</td><td>-0.3569765</td><td>-0.3800506</td><td> 0.1280686</td><td>-0.2735340</td><td> 0.2915117</td><td>-0.4444128</td><td>-0.4418080</td><td>-0.1773833</td><td> 1.0000000</td><td>-0.3660869</td></tr>\n",
       "\t<tr><th scope=row>lstat</th><td>-0.7376627</td><td> 0.4556215</td><td>-0.4129946</td><td> 0.6037997</td><td> 0.5908789</td><td>-0.6138083</td><td> 0.6023385</td><td>-0.4969958</td><td> 0.4886763</td><td> 0.5439934</td><td> 0.3740443</td><td>-0.3660869</td><td> 1.0000000</td></tr>\n",
       "</tbody>\n",
       "</table>\n"
      ],
      "text/latex": [
       "\\begin{tabular}{r|lllllllllllll}\n",
       "  & medv & crim & zn & indus & nox & rm & age & dis & rad & tax & ptratio & b & lstat\\\\\n",
       "\\hline\n",
       "\tmedv &  1.0000000 & -0.3883046 &  0.3604453 & -0.4837252 & -0.4273208 &  0.6953599 & -0.3769546 &  0.2499287 & -0.3816262 & -0.4685359 & -0.5077867 &  0.3334608 & -0.7376627\\\\\n",
       "\tcrim & -0.3883046 &  1.0000000 & -0.2004692 &  0.4065834 &  0.4209717 & -0.2192467 &  0.3527343 & -0.3796701 &  0.6255051 &  0.5827643 &  0.2899456 & -0.3850639 &  0.4556215\\\\\n",
       "\tzn &  0.3604453 & -0.2004692 &  1.0000000 & -0.5338282 & -0.5166037 &  0.3119906 & -0.5695373 &  0.6644082 & -0.3119478 & -0.3145633 & -0.3916785 &  0.1755203 & -0.4129946\\\\\n",
       "\tindus & -0.4837252 &  0.4065834 & -0.5338282 &  1.0000000 &  0.7636514 & -0.3916759 &  0.6447785 & -0.7080270 &  0.5951293 &  0.7207602 &  0.3832476 & -0.3569765 &  0.6037997\\\\\n",
       "\tnox & -0.4273208 &  0.4209717 & -0.5166037 &  0.7636514 &  1.0000000 & -0.3021882 &  0.7314701 & -0.7692301 &  0.6114406 &  0.6680232 &  0.1889327 & -0.3800506 &  0.5908789\\\\\n",
       "\trm &  0.6953599 & -0.2192467 &  0.3119906 & -0.3916759 & -0.3021882 &  1.0000000 & -0.2402649 &  0.2052462 & -0.2098467 & -0.2920478 & -0.3555015 &  0.1280686 & -0.6138083\\\\\n",
       "\tage & -0.3769546 &  0.3527343 & -0.5695373 &  0.6447785 &  0.7314701 & -0.2402649 &  1.0000000 & -0.7478805 &  0.4560225 &  0.5064556 &  0.2615150 & -0.2735340 &  0.6023385\\\\\n",
       "\tdis &  0.2499287 & -0.3796701 &  0.6644082 & -0.7080270 & -0.7692301 &  0.2052462 & -0.7478805 &  1.0000000 & -0.4945879 & -0.5344316 & -0.2324705 &  0.2915117 & -0.4969958\\\\\n",
       "\trad & -0.3816262 &  0.6255051 & -0.3119478 &  0.5951293 &  0.6114406 & -0.2098467 &  0.4560225 & -0.4945879 &  1.0000000 &  0.9102282 &  0.4647412 & -0.4444128 &  0.4886763\\\\\n",
       "\ttax & -0.4685359 &  0.5827643 & -0.3145633 &  0.7207602 &  0.6680232 & -0.2920478 &  0.5064556 & -0.5344316 &  0.9102282 &  1.0000000 &  0.4608530 & -0.4418080 &  0.5439934\\\\\n",
       "\tptratio & -0.5077867 &  0.2899456 & -0.3916785 &  0.3832476 &  0.1889327 & -0.3555015 &  0.2615150 & -0.2324705 &  0.4647412 &  0.4608530 &  1.0000000 & -0.1773833 &  0.3740443\\\\\n",
       "\tb &  0.3334608 & -0.3850639 &  0.1755203 & -0.3569765 & -0.3800506 &  0.1280686 & -0.2735340 &  0.2915117 & -0.4444128 & -0.4418080 & -0.1773833 &  1.0000000 & -0.3660869\\\\\n",
       "\tlstat & -0.7376627 &  0.4556215 & -0.4129946 &  0.6037997 &  0.5908789 & -0.6138083 &  0.6023385 & -0.4969958 &  0.4886763 &  0.5439934 &  0.3740443 & -0.3660869 &  1.0000000\\\\\n",
       "\\end{tabular}\n"
      ],
      "text/markdown": [
       "\n",
       "| <!--/--> | medv | crim | zn | indus | nox | rm | age | dis | rad | tax | ptratio | b | lstat | \n",
       "|---|---|---|---|---|---|---|---|---|---|---|---|---|\n",
       "| medv |  1.0000000 | -0.3883046 |  0.3604453 | -0.4837252 | -0.4273208 |  0.6953599 | -0.3769546 |  0.2499287 | -0.3816262 | -0.4685359 | -0.5077867 |  0.3334608 | -0.7376627 | \n",
       "| crim | -0.3883046 |  1.0000000 | -0.2004692 |  0.4065834 |  0.4209717 | -0.2192467 |  0.3527343 | -0.3796701 |  0.6255051 |  0.5827643 |  0.2899456 | -0.3850639 |  0.4556215 | \n",
       "| zn |  0.3604453 | -0.2004692 |  1.0000000 | -0.5338282 | -0.5166037 |  0.3119906 | -0.5695373 |  0.6644082 | -0.3119478 | -0.3145633 | -0.3916785 |  0.1755203 | -0.4129946 | \n",
       "| indus | -0.4837252 |  0.4065834 | -0.5338282 |  1.0000000 |  0.7636514 | -0.3916759 |  0.6447785 | -0.7080270 |  0.5951293 |  0.7207602 |  0.3832476 | -0.3569765 |  0.6037997 | \n",
       "| nox | -0.4273208 |  0.4209717 | -0.5166037 |  0.7636514 |  1.0000000 | -0.3021882 |  0.7314701 | -0.7692301 |  0.6114406 |  0.6680232 |  0.1889327 | -0.3800506 |  0.5908789 | \n",
       "| rm |  0.6953599 | -0.2192467 |  0.3119906 | -0.3916759 | -0.3021882 |  1.0000000 | -0.2402649 |  0.2052462 | -0.2098467 | -0.2920478 | -0.3555015 |  0.1280686 | -0.6138083 | \n",
       "| age | -0.3769546 |  0.3527343 | -0.5695373 |  0.6447785 |  0.7314701 | -0.2402649 |  1.0000000 | -0.7478805 |  0.4560225 |  0.5064556 |  0.2615150 | -0.2735340 |  0.6023385 | \n",
       "| dis |  0.2499287 | -0.3796701 |  0.6644082 | -0.7080270 | -0.7692301 |  0.2052462 | -0.7478805 |  1.0000000 | -0.4945879 | -0.5344316 | -0.2324705 |  0.2915117 | -0.4969958 | \n",
       "| rad | -0.3816262 |  0.6255051 | -0.3119478 |  0.5951293 |  0.6114406 | -0.2098467 |  0.4560225 | -0.4945879 |  1.0000000 |  0.9102282 |  0.4647412 | -0.4444128 |  0.4886763 | \n",
       "| tax | -0.4685359 |  0.5827643 | -0.3145633 |  0.7207602 |  0.6680232 | -0.2920478 |  0.5064556 | -0.5344316 |  0.9102282 |  1.0000000 |  0.4608530 | -0.4418080 |  0.5439934 | \n",
       "| ptratio | -0.5077867 |  0.2899456 | -0.3916785 |  0.3832476 |  0.1889327 | -0.3555015 |  0.2615150 | -0.2324705 |  0.4647412 |  0.4608530 |  1.0000000 | -0.1773833 |  0.3740443 | \n",
       "| b |  0.3334608 | -0.3850639 |  0.1755203 | -0.3569765 | -0.3800506 |  0.1280686 | -0.2735340 |  0.2915117 | -0.4444128 | -0.4418080 | -0.1773833 |  1.0000000 | -0.3660869 | \n",
       "| lstat | -0.7376627 |  0.4556215 | -0.4129946 |  0.6037997 |  0.5908789 | -0.6138083 |  0.6023385 | -0.4969958 |  0.4886763 |  0.5439934 |  0.3740443 | -0.3660869 |  1.0000000 | \n",
       "\n",
       "\n"
      ],
      "text/plain": [
       "        medv       crim       zn         indus      nox        rm        \n",
       "medv     1.0000000 -0.3883046  0.3604453 -0.4837252 -0.4273208  0.6953599\n",
       "crim    -0.3883046  1.0000000 -0.2004692  0.4065834  0.4209717 -0.2192467\n",
       "zn       0.3604453 -0.2004692  1.0000000 -0.5338282 -0.5166037  0.3119906\n",
       "indus   -0.4837252  0.4065834 -0.5338282  1.0000000  0.7636514 -0.3916759\n",
       "nox     -0.4273208  0.4209717 -0.5166037  0.7636514  1.0000000 -0.3021882\n",
       "rm       0.6953599 -0.2192467  0.3119906 -0.3916759 -0.3021882  1.0000000\n",
       "age     -0.3769546  0.3527343 -0.5695373  0.6447785  0.7314701 -0.2402649\n",
       "dis      0.2499287 -0.3796701  0.6644082 -0.7080270 -0.7692301  0.2052462\n",
       "rad     -0.3816262  0.6255051 -0.3119478  0.5951293  0.6114406 -0.2098467\n",
       "tax     -0.4685359  0.5827643 -0.3145633  0.7207602  0.6680232 -0.2920478\n",
       "ptratio -0.5077867  0.2899456 -0.3916785  0.3832476  0.1889327 -0.3555015\n",
       "b        0.3334608 -0.3850639  0.1755203 -0.3569765 -0.3800506  0.1280686\n",
       "lstat   -0.7376627  0.4556215 -0.4129946  0.6037997  0.5908789 -0.6138083\n",
       "        age        dis        rad        tax        ptratio    b         \n",
       "medv    -0.3769546  0.2499287 -0.3816262 -0.4685359 -0.5077867  0.3334608\n",
       "crim     0.3527343 -0.3796701  0.6255051  0.5827643  0.2899456 -0.3850639\n",
       "zn      -0.5695373  0.6644082 -0.3119478 -0.3145633 -0.3916785  0.1755203\n",
       "indus    0.6447785 -0.7080270  0.5951293  0.7207602  0.3832476 -0.3569765\n",
       "nox      0.7314701 -0.7692301  0.6114406  0.6680232  0.1889327 -0.3800506\n",
       "rm      -0.2402649  0.2052462 -0.2098467 -0.2920478 -0.3555015  0.1280686\n",
       "age      1.0000000 -0.7478805  0.4560225  0.5064556  0.2615150 -0.2735340\n",
       "dis     -0.7478805  1.0000000 -0.4945879 -0.5344316 -0.2324705  0.2915117\n",
       "rad      0.4560225 -0.4945879  1.0000000  0.9102282  0.4647412 -0.4444128\n",
       "tax      0.5064556 -0.5344316  0.9102282  1.0000000  0.4608530 -0.4418080\n",
       "ptratio  0.2615150 -0.2324705  0.4647412  0.4608530  1.0000000 -0.1773833\n",
       "b       -0.2735340  0.2915117 -0.4444128 -0.4418080 -0.1773833  1.0000000\n",
       "lstat    0.6023385 -0.4969958  0.4886763  0.5439934  0.3740443 -0.3660869\n",
       "        lstat     \n",
       "medv    -0.7376627\n",
       "crim     0.4556215\n",
       "zn      -0.4129946\n",
       "indus    0.6037997\n",
       "nox      0.5908789\n",
       "rm      -0.6138083\n",
       "age      0.6023385\n",
       "dis     -0.4969958\n",
       "rad      0.4886763\n",
       "tax      0.5439934\n",
       "ptratio  0.3740443\n",
       "b       -0.3660869\n",
       "lstat    1.0000000"
      ]
     },
     "metadata": {},
     "output_type": "display_data"
    }
   ],
   "source": [
    "# check for correlation in the data\n",
    "bh2_cor <- cor(bh2_numeric_feat)\n",
    "bh2_cor"
   ]
  },
  {
   "cell_type": "code",
   "execution_count": 27,
   "metadata": {},
   "outputs": [],
   "source": [
    "source('../src/handy_fns.r')"
   ]
  },
  {
   "cell_type": "code",
   "execution_count": 21,
   "metadata": {},
   "outputs": [],
   "source": [
    "bh2_cor_m <- melt(bh2_cor); colnames(bh2_cor_m)[colnames(bh2_cor_m) == 'value'] <- 'correlation'"
   ]
  },
  {
   "cell_type": "code",
   "execution_count": 23,
   "metadata": {},
   "outputs": [
    {
     "data": {
      "text/html": [
       "<table>\n",
       "<thead><tr><th scope=col>Var1</th><th scope=col>Var2</th><th scope=col>correlation</th></tr></thead>\n",
       "<tbody>\n",
       "\t<tr><td>medv      </td><td>medv      </td><td> 1.0000000</td></tr>\n",
       "\t<tr><td>crim      </td><td>medv      </td><td>-0.3883046</td></tr>\n",
       "\t<tr><td>zn        </td><td>medv      </td><td> 0.3604453</td></tr>\n",
       "</tbody>\n",
       "</table>\n"
      ],
      "text/latex": [
       "\\begin{tabular}{r|lll}\n",
       " Var1 & Var2 & correlation\\\\\n",
       "\\hline\n",
       "\t medv       & medv       &  1.0000000\\\\\n",
       "\t crim       & medv       & -0.3883046\\\\\n",
       "\t zn         & medv       &  0.3604453\\\\\n",
       "\\end{tabular}\n"
      ],
      "text/markdown": [
       "\n",
       "Var1 | Var2 | correlation | \n",
       "|---|---|---|\n",
       "| medv       | medv       |  1.0000000 | \n",
       "| crim       | medv       | -0.3883046 | \n",
       "| zn         | medv       |  0.3604453 | \n",
       "\n",
       "\n"
      ],
      "text/plain": [
       "  Var1 Var2 correlation\n",
       "1 medv medv  1.0000000 \n",
       "2 crim medv -0.3883046 \n",
       "3 zn   medv  0.3604453 "
      ]
     },
     "metadata": {},
     "output_type": "display_data"
    }
   ],
   "source": [
    "head(bh2_cor_m,3)"
   ]
  },
  {
   "cell_type": "code",
   "execution_count": 54,
   "metadata": {},
   "outputs": [
    {
     "data": {},
     "metadata": {},
     "output_type": "display_data"
    },
    {
     "data": {
      "image/png": "iVBORw0KGgoAAAANSUhEUgAABhgAAAYYCAIAAADkcFXWAAAACXBIWXMAABJ0AAASdAHeZh94\nAAAgAElEQVR4nOzdd3wU1doH8OeVFJJNIL33kEBCOiGJQSIQpBs6SAioQToKitdL8yJXQEXx\nAiIoKCpSJDRp0osREQJKryGNNNJDGmQD+v5xNsOQ3dmd3Wx2Q/h9P/wx2Zk5e3bZ2Z155jnP\n+b9//vmHAAAAAAAAAAAAVHlO3x0AAAAAAAAAAICnAwJJAAAAAAAAAAAgCgJJAAAAAAAAAAAg\nCgJJAAAAAAAAAAAgCgJJAAAAAAAAAAAgCgJJAAAAAAAAAAAgCgJJAAAAAAAAAAAgCgJJAAAA\nAAAAAAAgioG+O/BMKy4u1ncXRLGxsXlauqpLeFuE4J1RCG+LQnhbhOCdUQhvi0J4W4TgnVEI\nb4sQvDMK4W1R6Gl5W2xsbPTdBWiZkJEEAAAAAAAAAACiIJAEAAAAAAAAAACiIJAEAAAAAAAA\nAACiIJAEAAAAAAAAAACiIJAEAAAAAAAAAACiIJAEAAAAAAAAAACiIJAEAAAAAAAAAACiIJAE\nAAAAAAAAAACiIJAEAAAAAAAAAACiIJAEAAAAAAAAAACi/N8///yj7z48u4qLi4VW2djY6LIn\nAAAAAAAA8DQSuq7ERSU0EQN9dwAE2Qb11ncXmqOiSwe7Lz6i7140O8fn9PToOV7fvWh2Mo+s\n7b38nL570RwdnB7ea9lZffei2Tk0o7NjxBB996LZyU/ZgeNIoYPTw11jxui7F81OdvKPPT4+\noe9eNDvHZnXrufSUvnvRHB2ZGR0zf6++e9HsJC8Y4NVnsr570RylH1g9cvcDffei2dkS11rf\nXYBnDoa2AQAAAAAAAACAKAgkAQAAAAAAAACAKAgkAQAAAAAAAACAKAgkAQAAAAAAAACAKAgk\nAQAAAAAAAACAKAgkAQAAAAAAAACAKAgkAQAAAAAAAACAKAgkAQAAAAAAAACAKAgkAQAAAAAA\nAACAKAgkAQAAAAAAAACAKAgkAQAAAAAAAACAKAgkAQAAAAAAAACAKAgkAQAAAAAAAACAKAgk\nAQAAAAAAAACAKAgkAQAAAAAAAACAKAgkAQAAAAAAAACAKAgkAQAAAAAAAACAKAgkAQAAAAAA\nAACAKAgkAQAAAAAAAACAKAgkAQAAAAAAAACAKAgkAQAAAAAAAACAKAgkAQAAAAAAAACAKAgk\nAQAAAAAAAACAKAgkAQAAAAAAAACAKAgkAQAAAAAAAACAKAgkAQAAAAAAAACAKAgkAQAAAAAA\nAACAKAgkAQAAAAAAAACAKAgkAQAAAAAAAACAKAgkAQAAAAAAAACAKAgkAQAAAAAAAACAKAgk\nAQAAAAAAAACAKAgkAQAAAAAAAACAKAgkAQAAAAAAAACAKAgkAQAAAAAAAACAKAgkAQAAAAAA\nAACAKAgkAQAAAAAAAACAKAgkAQAAAAAAAACAKAgkAQAAAAAAAACAKAgkAQAAAAAAAACAKAgk\nAQAAAAAAAACAKAgkAQAAAAAAAACAKAgkAQAAAAAAAACAKAb67gDowppPZgf5tXNxsjM2MiKi\niqrqouKyS9dvT/j3R+IbKbp0UK0ntQ3qLbJvg/t2E7+9xt4fFOBjb27f1sTI4Dkiqq59WFpV\nm1pQ+eHPV7T7LD38HYio++Ij4ntyt/z+n5mlq4+marEnjfHF3PEdfdyc7ayNjQyJqLL6flHZ\nvaupd95ctFa7z/Jy9wgi8ug5XvmWb47uP/P1QWK21I3Zfbza2ZnamRvV/w8+Kqupu11Y89GB\ndC22WVBRez67Ys1vOVrrtzbM6evVzk4i99qrF+9X+7UfmtFZzGa9lp1V2Y3ymrrMkvvvbb+p\nbh+a1OqF7wS293JxtJUdR1U1hSXll2+mT573uRbbvJNf+FvKxQXLf1C574zEYf+eFE9EjhFD\nNO6AFj3Lx5Favpw/JcDXw9nepv4Luaao9N6VW5lTF6xSt6ns5B/FbOYaM0btXmrJvDh/Hwcz\n+zatH/9SV0tT71Yt3H1Nu8/Sw9+OiHp8fEJMN8qqpZnF1TM3X9RiH9Qyt7+vj53Ero0x97aU\nVdelFlYv2ndL3aaOzIwWs1nPpafE9617Bxu1dtGi+cNCfR3b2luYGBm0IqLqB3WlVbW38u8t\n2HZeswY/ju/s7dDGvq0J+7OsujavtOaPW4XrkxueoSUvGKBWyzHz92rWJa1YPmtcQDtXJzsr\n7ryuuKziyu3s6R9/q1mDaxdM9vN0cbKzYn+WlFfeyS86nnJl5eb9DbZMP7BarZa9+kzWrEs6\nNsS31cgOhkQ0cvcDffcFQD8QSGr5rp3YYmtlwX+kjZmkjZnE28PlhciQbzbt+nzNJn317Z0J\n8SyK1NR2TI+xlBjxH5EYG0iMDVytJaHuVjvPZf/4e0bjn2VMF08WRVKyweBwV/meeNube9ub\nB7hYTP1BwTWzjp3butTGsg3/EXOJibnExMvF4fmQDj/8fOyLjfsa/yxvju7PokhivDqoR+Of\nUVu2jA+2MDXkPyIxbiUxbuVi2TrE1XzXxcJNKflqNRgf4Tgw2E6+TS9bUy9bU39HsxlJN7TQ\nb21ImhAi/Nrb/HyhQPxrn9DVVbM+xEc4Dgqxb9ANC1PDEFPDvdM6nUor0yCk1RQuH/jOxqot\n/xFzM1NzM1Nvd6cXwgO/Tdq3bN02tRqckThs3Ij+8m129PHo6OPROajDgHGzlbcwbkR/tZ6x\nST3Lx5Fazu/6Uu4L2dRcYurl6hgd1vG77YdWrN8lsqn3p45qgg5q0/Y3oxX/UluZhrpb7Pwz\nd8OprMY/S0K0O4siCa0d3Mm5QTcsJUaWEqMD78acvFWs3ZCWGFsnd7Zs+ME2kBgbuFiZhLi1\n/fl8/sbTYuOkE190127fRke5sCiSXux67yVLiTH/EUlrQ0lrQ1cbszAvm+2nM+WjP0rMHxba\n1c+BBaQ4lhJjS4lxR1fL3sHOo784oZVu697Zn5ZYW5jzH2HndZ4u9tEh7X/YdVw++qPE8lnj\nekUHs4AUx9rC3NrCPNTPa3BsZOwbH2ih081eH09cRMOzrgUObYuLi4uLi9N490uXLjW+D1pp\nRCvko0h8tlYWU18b1hTPW1RaLmazdybo4rxWPorEZykxGhmlnVOrhC6eStaO6eKZ0MVTSU/8\nndt+My5SKz3RmHwUic/Gss2EEdpJHJs2Wuw17f6v/6OkSzomf/XLZ2FqOCxMWSRRXnyE46jO\njkra9HM0Wx3vr1abTUQ+isRnYWo4vJOj+NZcLFtr0If4CMf4CCehbhgZPNetvfXykX4atKxd\n8lEkPhurtlMSBqnV4IzEYTMShytps1Ng+yMblSU6Hdn4uZLddexZPo7UIh9F4rOxbDNpVD/x\nrXm5qnGE6p58FInPUmI0MlLD6HMDCdGCv/gJ0e4J0e5C3TAyeK6Hv93KMaFa6YZI8lEkPktT\nwxHhTuJbc7E00UanHhsd6aLdBsWTjyLxWUqMR3XxEt/a/GGhsYHODaJIfK42Zrvee0m9LvKU\nVddqvG8jyUeR+KwtzMcPU+N1LZ817uVu4Q2iSHyeLvZnf1qiXhd5SsorNd5Xl5a8aNTW+P/0\n3QsAPUMw9QkbNmxISkravXu33hvRih1rP+GiSGmZOUl7j7Lko3cmxI8YEOvt4UJEbcwkaz6Z\nLWaMm5ihZ2ycWq1U+s0m1fdIr53YwobaNaml8WHcSWF2SfXhK3dZ8tGYLp4vBTi4WkuISGJs\n8P6ggEaOcdsxPYblnAsZGeXOJcmfzyq9mFW2+3wuEc3s59fZ09q+bWsi8rY3nxzro68xbps+\nncldtKTn3N15+DRLPnpzdP/BL0V5uTgQkbnE5Iu54xs5xu3c1qVKzkL49n/9Hz9v7Vw8NN4n\nQ3y5K9WcsgdHb5SwpIn4CMfYDtYsMiIxbjW7j5f4sTnDwhy4wVkXsisv5Vbuu1xERDNi3Tu5\nt7EzNyYiL1vTCV1d9Ds2Z8nQ9vzXfuR6Mffae/rZcK99Tl8vkQlBbU1kvz6n08v/s1vsB35Q\niD13lF3PrzqTUc66MSDQNsjFPNrb0sjgOT9HswldXdf8lq3O69OmrasWcCGbtKy8bftPsOSj\nGYnDhvXt5u3uRETmZqarF74jfozblIRB7JApLr138tzlP/66un7HQSL6bM7kblEhzg62RNTR\nx2P+9FcVjnE7svHzjj4eWnht2vAsH0dq+WnZ7MdfyNn52w/+zpKP3ho7cGjvLiwqZC4x/XL+\nFJFj3Kzayi4mj5w6//oszcdXNoWlo4If/1KX1hy+UsCSjxKi3V8KsHe1MiUiibHBvDj/RiYE\nbX8zWskv9eBOztzaa7n3TqeVsm68HOoU7Grxgq+NkcFz/s5tJ/Xw/upYWmO6IdKnwztyUaSc\n0vuHrxex5KPRUS4v+dm6WJkQkcTYYG5/X5Fj3NqayFr7I630/Z8bm6O3dXJn5ac9TWfZq1Fc\nFCm7uOrgxVyWfDQ2xqd3sLOrjRkRSVobzh8WKmaM28Bw965+suB1WXXtX+nF3F5Te/tF+9qz\nBi0lxstejZrxw2m2SsxQNRafkj58tP10prqvUSs2fDyDiyJl5BTsPHqGJR9NG9V3cGykp4s9\nEZlLTJbPGidmjFt8/669ooPZckl55akLN7m95owfGhsZyBq0tjDf8PGMhFnL2CoxQ9VYfKpW\nWvfDruNqv0idW/KikXvbFpiKAaAuBJKekJSU1Ewa0Yrgjj5s4eCvpxPenM89/vmaTZ+v2XRi\n6+qO7b2IKLarqEolKn0+fwYbp5a056jK4XIntq5WkiqlRe0dZSfip1KL5m59XODgx98zfvw9\n45txkd725kQU6d2o3OxvxkUquZVKREvjwyTGBkRUVi0dsjz5iVW/XCei9ROfZ1GtTh5WjelJ\nYwT6yu7THv3j4rj3V3KPf7Fx3xcb93ExnW4RgY15FvEZRs0qikREPnYStnA6vXz+ntvc45tS\n8jel5K+O9/eyNSWizh5i8z4+GeIrMW5FROU1dSPXPlF9Y9nRLCL6dmwAu64OddVzThb/tfPj\nPuy1fzW6Y/1rF3tQW0sehxJE7jKnrxcXgPjlctGyo5ncqr2Xi/ZeLmL5SkYGz/UNsNVjICm4\ngzdbOPzbubEzF3OPL1u3bdm6bVxMJzY6TGSDW1ctMDczJaLi0nuBfV7nr3p38WoiOrl1JYtP\ndY0Ilt+9WUWR6Nk+jtQS1N6DLTSI+6xYv2vF+l0H1y3yb+dGRN2jFPynK2RvY8kW0rPVGzao\nA74OsmvdP24Xz932+KbOhlNZG05lrU0M97YzI6JI70b9Pq5NDFfySz0vzp9bu+9C3tIDj0Mz\ne87n7Tmfx/KVjAye6x/sqJtAkq+97GBpEPfZeDpn4+mcr8cEe9tJiCjCU+wXr42Z7AXmlN1v\nZN++HhOsJFWqqbV3kn0/nLpZMGvT45oA65NT1yenrpsc086hDRFF+QiOYeTrE+LCcpEK7t0f\n/vlR/qovD17/8uD1Za9GhXnZ8J9XjH/FBcUGOhMRF+fSvUAfN7Zw9Myl8fMf1ypauXn/ys37\n962a6+flQkTdOncU09rQnlHslkZeYekLY+fyVy1eu33x2u0bPp4RHdKe/7xiLJ4++uVu4UTE\nxbmaM0SRADg4ElqsBTMntDGTEFFFVTU/isTpNnxyRVU1EbUxk7wzIb6RT/faiP4jXo4lorTM\nnHcWLFO+8ZpPZrMY1tWbTVvNZHKsDwvfVNc+5EeROG98e6a69iERSYwNxigdmKbE+4MCWDQq\nrUAwIzfARXaet/Oc4uvbbSl32AILJ+ne3InDzSUmRFRZfZ8fReL0nfjfyur7RGQuMXlT9MC0\nBr6YO57Fhq6nKbvOnztx+OVdK9iWxWUVmj2Xdk3o6sIuVqtrH/GvfjmTN12rrn1ERBLjVvER\nooaQ+DuasYVdFwsVbrDjfAFb0GwgmLZM6OrKvXaF2UOTNl5V97VzISHxEZ929QGI9KIafhSJ\nsykl/1p+FevGjFgPkc1q1/zpr7KgT2VVDT+KxOk5+p3KqhoiMjcznZEoamRx56AObOHbJMXl\nydZs3sMW2rk7N+jMrWMbWBSpuPSeyJfQpJ7l40gt708dZS4xJaLK6hqF2UO9E+dWVtcQkbnE\n9K2xA8W0yUXwP/xys/Z6qgWTeng//qXepiA1ePy6c9wvtZKBacrNi/Nn0ai0wiqFG/g4yD5I\naYVV/CgSZ8OprKu591g3Zvbx1awb4k180Z17WxRmD0388SL3toyOEjXEjPvi/frXRlWbmtvf\nl8Ww0gqrG9OOZqb29pO0NiSi6gd1/CgSJ3F1cvWDOiKStDYcG+OjskEPW9l//YZkBV9KRMRl\nIbHnFWNguHvvYGciyi6u+nS3fupdzBk/lDuv40eROP2nLOLO66aN6quywXZusu/kVVsOKNyA\ny0JizytGfP+ug2MjiSgjp2DO8o0i99KLMR0NvutrzKJI92r/0Xd3APQPGUktVmD9XfFb6XeE\ntrmVfic8yI+IwgLbN/Lppo97xdjIqFYqjYobp3xLrsB2UWl5t+GT1Z0MTi3t7GU3ObOKBc91\nsoqr/Z3bElEHJ01uVnMFtsuqpW98e+b4nJ7y28zs58fSv7NLqoWqeu8+n8tGuulLx3ay20ep\nWYI3q1Oz8sP8vYgopIMmQTeuwHZxWUXfif/NPCI4Pm788F5sIT3nbo/X3leypc5425qyhTul\ngjdy75Te93M0I6L29qqjgTNiZUMdc8oeCNUV3ne5iI3Q0a92dmq89g71F2PKcZNqie8Gd/f7\nrzuCscUL2RUhrm2IyNNGy6VARApoL6vKcStDMEB2KyO7U2B7IgrrqPpa9LM5k9kd4LSsPKH6\n3Ot3HGQj3RqYNFoWX0jLynth+LT8lB0qn66pPcvHkVq4JLLUzDyhbVIz88I6tiOiUH9vMW1y\nk75poX9a5WMv+9IQ80vt5yRY7UUJrsB2WbV0/Lpzx2Z1k9/Gqj4d6c/MMqF2zmeVh7pbEpGn\nbZPf8mlnV/+2lAgeLFkl9/2dzEntL96HjekYV2C7rKZu4o8XRU4Dp0U+DrK0oMwixTFBtqqj\nqyUR+buoTtfq+5HYE1HpQ7G/WQkx7YwMWkkfPtJjiW7/+pzu23cEz+tu38kP9fMiouAOHiob\nDB76jsinrpXWidxyysg+xkaGtdK62Dc+ELmLvgzwll0151X9/fYx6Za4p+bOBEATeVYCSTdv\n3rx+/fq6devYn4mJicHBwZ6ejy+G+fW5uWV+naOioqLr16/fuXOHG7k2YsQIX1/fgIAAU1NT\nkY3okpO9bKzW9dRMoW2up2ayQFI790aVS9zwxQIXRzsi+uWo6slfWYHtWqnUv9vIxjypGLbm\nsiH06cJnG+lFVez0lFVhUBcrsC19+HeDAWt8Thaya9pU4ZQlvXOwlZ1s3cwUjGfdzMxlgSRP\nV3sNnoIV2K6V1oUPn6ly41pp3ck/rynMjdILbkRApvA5fWaJ7AJYTOKDY1vZh/N2YbO7rmuA\ne+0ZxYKvPaNYjdfOTdlWViP2XJOIWCYLKU1i2pSS/1q0C/GGzumYo601W7iRJhjBv5F2hwWS\nvNxUV8l1d5FV7risUf5mrbQu+cxFhblRevEsH0dqcbSVDUO7kS74ab+Rns0CSV6uqmuTc1O2\nFTWP3DQ+m/pf6owiwUBSRpEskOSi2S91tDsRSR/+PfQLwbMUlv5DREqGrW04lZUY40lE1uaC\nZZ61xZY7WIoFP9uZxTUskOQqooo2N2VbWbUaX7zyWIFt6cO/h6/Wzzyztm1k3wzphYLnVOmF\nlSyQpJUs73WTY9jCHeFYJ9/H8Z3t25oQ0W/X7zb+2TXmaMOd1wnGo29m5rFAkpezJud1Dexb\nJRvvlp5TIGb7tQsmO9lZEdGhUwoGDTRDdY/+uVT095KURh1BAC3GMxFIYtWv+Y+wiNKIESMS\nEhLEtJCcnPzZZ581eJC1GRERMW3aNAsLXZT7UYuxsewUhA2jUIhbxW2sgddG9O/2fBgR5eQX\nqizazRXY/nyNLlLruQk4aoTvv3GrlMzWIYQrsL1BIM+IcbaUnfgWV9YSUVyoc1yYi4OFCVc1\nKaOoauamv9R9du3iql9XVQte4HGrRJbK5uMKbK/cqHh4Dt/1tOwNe3/duOdXdZ+l6RgZyKbn\nqJEK3pDkVnEbK+FkIbsOKamWElH/QNsBgbb2bYy5ai+ZJff/vUNU/dSmZtRKndfeSvVr5wIE\nxVVSIloytL2HtQkbcyF9+HdhpfR2YbXIot1CuGtCHWttLDs0lOR9cKu4jZXwrA8k3S0qIaKx\nQ3qPHdrbzdGOq5p0I/3O8CkKBi8T0dXUzPXbFScr6cuzfByphZuJoqpG+Au55n6DjZXgpmzL\nLyojop+WzW7v6cIGu9VK63ILiq/cyhRZtFvruILN1cKfiurHnwq1azJwBbZZ5WytMGv6bxje\n2yJ4AsOtEvO2cFO2FVVJiejT4R09bEwtuS/eitrUwmqVRbu5Atsbz+itbr2RIXdqJ3g9z63i\nNtbAwHD3EA+rADcrFhWSPnyUuFrwliF/r3BvGyIquHdfTKnvpvP4vK5GsBYht0qD8zpOfP+u\nkYG+nfy9WFSoVlrXf8oiMXu9EOpHRHmFpWJKfetd1r2/D2c+OpylRiY1QMvW8gNJycnJSUlJ\nI0aM6N27t62tLXswNzd3165dSUlJQUFBQUFBVJ83xNKIGuQQZWRkfPbZZxEREaNHj7a3t+fy\njzIyMvbv33/gwIGUlJRevXopb0T3WIoQEc1fukZom/lL10x5dSh/Yw28NnwAO4vdfeg35Vty\nBbZ37j+hshq3VrCp0IhIyTxoq4+mjoh0528sEldg+9i1u0ID1hjuDG/10dSl8WFhT5bTtpQY\nWUqsDr7XY8PvGcrbaVLOdrJMikVfbxXaZtHXW9mgM25jkbgC23uOp3whIpDUd+J/1WpfB+zq\n7z8rmfVpzW85Q8Mc+BsrYdTqOW6vT4b4hjxZBtjC1DDE1HDP1LDNZ/OFBuzojF0b7rULJkes\n+S17WCcH/sZKcFO22ZgZ7Z3WiX8JZGTwnItlaxfL1iGubdb/kbuXNyJJ+vBvtuWAQNu9AiOV\nuKo6XPqSjrEJ1IhI4exp3Co26IzbWAkuRrBg+Q9bVy14IfyJUvc2Vm1fsArMPLll2bqt8gPf\neo4WOwxBZ57l40gtzvay71gl9Yw+/HLzhJH9+BsrwU3Z5mhrefvIOv5Fo7GRoZero5erY3RY\nx6Xrtm/YdaxRXVeffX2CiZJUoK+OpY2IcOVvLBJXYPvYtULlgSTuG+blUKc95xVncHAVmnQQ\nqua+S5XUM/r616zh4c4k9otX9p9ua2b0y/Sohl+8ViYuViYhbm3Xn7qz56LidBKuwPbxG8Vs\n/ji9YGEdIvry4HWhbb48eH1ktDd/Y7UkLxjQ4BH5OtxCBnZ2ZzcmT1wVzAPSDRbWIaLFa7cL\nbbN47fY3hvbkb6yW9AMNSy/J1+EWMrp/DPsi+uU3Pd9JFem9X6X67gJA89Lyi20nJycTUUJC\nAhdFIiJnZ+f4+HgiOnnypMoW9u/fT0QTJ0709PTkokhE5Onp+dprrxHRypXNZfSN7r02oj8r\nm52TX6gkYkVPFthWmbjU/PELbH/4s4LioHzcRDDyUSSOkcFzCV08NS743ZzxC2y/uUj/1Y6a\nCa7oqfzVL8fI4LlRnR1Flhx+inDjzlwsWwvdSLcwNZz0ohv/tZfXj4NTMkWR0Dv59LKxklUD\nkY8icYyNDGckDhdZuruFeZaPI7VwU7Z5uToKpR7YWLb54M0EkaW7nwr8AtsLd19TvnFZjewq\nMUp4brhQ92aXfi4eN7DUxcpE6IvX0tRwcjdPhaW7+QW2VSYutTDSh4+kdY/E1O0eGO7OJowr\nuHdfSZyrpaqV1tVK68TU7Y7v35VNGJdXWKokzgUAzVnLz0hKSUkhovLy8gajzywsLEQmDU2Z\nMmXKlCkKV/HjSmKEh4fz/zx37pxauzdDrw2X3bRRno7UoMC2DjrWpBoU2Ba/I4sipRVU/nqj\nkCUfxYU6B7tbRnrbSIwNjAyeGxnlrsekpKbQoMC2vrvTHLGr3/Simt9ul7Gkif6BtkHO5p09\n2kqMWxkZPDcszOHpSqZQibv4L6yoPZdVcbuwmsswGhBoG+Ri3tnDgr32QSH23Gu/ll/F7rqH\nubWJj3CUf0/iIxxbXiCJw6JIV1Mz9x49xZKPxg7p/XxYx9joMHMzU2MjwykJg4SqcT8LnsHj\nSC3clG25BSW/ply6fCuTyzxKGNjj+ZAO3aOCzSWmxkaGrw/ttWL9Lv31VGsaFNhWuf3VnAp7\n/9ZE1MnDKiHaXT59KSHanVXafko98cWbWZ5aWMVlHr0cbB/k0jbC04KdigwKdWyQcNSgwLaO\ne6571Q/qqmofEpGRwXOWEmMjg1auNmZvxLb3tDNTPlptYGdZzpre05F0o7L6Ppv3zdjI0NrC\n3NjI0NPF/p1X43zcnZSPVhvdX1Z26mlJR3oq2NjY6LsL8Gxp+YGkxMTEdevWjR079t1333V1\ndeWPTdNYUVFRfn5+enr6lSsqUlEaaBA5Ki4uFtryqfgu4NKRikrLlacj6bLAtg6IKbAt5Ni1\nu/wMJm6ytoPv9TAyeE5ibPD+oACVKU5PEbUKbD+zTtws/ejA45JA3CRTe6aGGRk8JzFuNbuP\nF3+Dp92AlX8Krdp7uYgFlXZODpMYt7IwNZzT14vVS1q8P50LMMVHOHVwMEvJKGcbsxBSC44i\nMT8fOjl53uOZ4LnJ2jJPbjE2MjQ3M1298B3+Bs+aZ+04Uku7nolCqzbsOsaCStf2f20uMbWx\nbPPl/Cn6qpekRWIKbPMt3H0t0tuKRVISot39nMxPp5WyMW4J0e6h7hZPdRSJiPotPy20as/F\nAhZU2jUtQmJsYGlqOLe/Lz/tSO8FtnWMP4/b1N5+vYJdLCXGRNTVz2FguPuuc4oHG3LpSGXV\ntc9IOhJ/Hrc544cOjo20tjAnol7RwfH9u27ap/geM5eOVFJeiXQkLRK6rnwqLlMtraMAACAA\nSURBVCrhadTyA0ndunW7cuVKSkoKVy27T58+AQEB3t7ezs7O4tvJyMhITU1NSUlhKU5ARCPj\nXmILJ89cULKZjgtsNzWRBbYV+iuzVChIdPJWIcty6uj8FGfON6BWge1n1oXsCqGL21Np5d3a\nWxGRv1OTTzXd3JzNLO/W3pqI/B0fT2u99U/ZpGxGBs9FeVlEeVm8FevB3+t6fpWfo6hpsJ86\nJ89dFgoS7T9xZlCvF4ioc1B73XaqGcFx1HjHT1+Mi32eiDoF+Oq7L42lWYHtLWey2aRsRgbP\nPd/O5vl2Nm/3fuKtuJZ7j00e11KlZJSzzKOOTubcg82hwLYefXnw+pcHr+967yWWmtQnxEUo\nkNQnRDYk8K90wfvELdjitdsXr91+9qclLDVpaM8ooUDS0J5RbOHUhZs67CAAaFnLDyRZWFhM\nmzYtJSWFq2R04MCBAwcOEFFERERcXBwrtq1cg1nbEhMTvby8HB0dbW1tWWlt3Su6JDgRj21Q\nbyKqlUrFzOTSGIEdvNmCkppHui+wzcfVztQW8QW2Ffr1uuB8qBezylggiSuopF2ZRwSLE3n0\nHE9EtdK6xszZIU/dAtvNnNY/S5zk1DKhVZdyK9kFsIWJfiazZ5rutStxKaeSBZL4RWTZ0KT4\nCCeF/bmQXfHe9puHZnQmXkEl7cpP2SG0yjFiCDXBccTZc0Qwq+KPv66yQJKNVXMPQz/LxxFf\ndvKPQqtcY8ZQU36QlPjjwg0WSBJTvVuLtP6pEF9guwG2cUK0u8L+nM8qm7n54rFZ3YiorLrJ\ny+7q6Yv3HgskPS713TwKbPNJHz7SYJrdRjp5o+DlTm5E5GQlOKzBx1GWFaubydrkC11zvPpM\nJj19jRz+4+IrfV8gIjdHwdkk/L1d2cJTMVkbAAhp+YEkIrKwsOjVq1evXr24IWnr1q0jIpZe\ntHDhQuWxpEuXLrFZ2+Li4tzc3BrUWmq2ikrK2VxsC2ZOEBp3tmDmBLaQk1+obvufz5/BAlVp\nmcpOLNjYNyIa3LcbK5Mk2OH60BgLhGlFWbWUzcU2OdZHaOK2ybGy6okF9wSnR+WwAttE1MPf\ngcV9hByf05MtdF98pKxayk5q2Sg2hXafz327rx9pNLexVhSXV7C52OZOHC40cdvcicPZQm5h\nicoG/epPFF7uHsHKJAnhglwspNU8ld+vY3NITejqIjTh1ISusruRhZW1qhusqWMVK/YJTEDG\nVr3Vw53096lgymvq2EXFhK6uQhO3Tegq++8urFD92sXYe7moQbYRsyklf1NK/pKh7T2sTdgb\nWF37qKCidu+lwr2XiwYEys5cpQ//1ko31FVcWs7mYps//VWhidvmT3+VLeTeFfyv5zV4j9Xb\nZqPYFFq/4+AnsyZS4+Zv1o1n+ThSS3FZBYvmvD91lNDEbe9PHcUWcgtUfyGLsWHXsY9mvq6V\nptRSViNlc7FN6uEtNHHbpB6yG1cFFSJ+qe1kaYk9/O1YmSQhLCpERD0+PsEWNpzK2nAqa+mo\nYA8bCfvhrq59ePfeg93n8/acz3s51IltJn3U5N8w3BfvxBfdhSZum/iirCKPtr5491wsmN7T\nm/8IK7BNRN072LAYk5AjM6PZQs+losYSaqysWsrmYpva209oBNnU3n5soeDefa086ae7L7FA\nEhvjJu9fcUEsvJVdXKWVZ2y8kvJKNhfbnPFDhUaQzRk/lC3kFZZq5UnnLN/IAklsjJu8xdNH\ns5+qjBzBe6sA8FR4JgJJHFtbW1tb26CgoEGDBuXm5h4/fjwpKenkyZPKA0lsZreJEyfy531j\nampqmrC7jVNbq8btMrU2ZsICZGMoLl2/re6+OiN9+KiJNlazG/q5plVLrVSNDA61Nm4ZpA//\n0e7GOrgO0RbpI3Veuzoba+y97Yrz4YNcZGeuefe0c1mlrge1ahwaYjaulbao+Yaf5eNILWr9\nvz/tHxK1fiJ183s6c7PietLBrrJbiXll2glPKNEM35ZmQlqnzqmdOhs3hl99XYJb+fd084wq\nNc/zuuD2Hmzhym3F96UA4GnR8gNJCxcuTElJ+emnnxrU2HZ2dk5ISEhKSjpw4IDQpGwMGwcn\nH0UiouxsvX0JqkzbySso9vZwId4ANHncqrwCtYdzt/OU3TRWMq5N74oqa12tJUTUzl7xjRH+\nqiIRd781k1tWwxKjZvbzW/qL4rtnY7p4soUmSphXmexzt6jcy8WBiDq2cxPahlt1t6hci317\nKhRXSV0sWxORt61gWju3qrhK9X9iXnktS82YEeu+7Kjiu83chOVNNFBLJO61t7MTfO3cKjGv\nnY0+I6IVRzP3CiSSaPba29XfPM8rb5LDmY1fUyK/qMTb3YmIAuqTMeVxq/KLVCeSZOTcZSlO\nn82Z/O5ixQMZZiQOYwvFpc3lAkbIs3wc8bHxa0rkF5V5uToSUUcfD6FtuFX5RYLD+jjcYLrZ\nS7/j5mtr4K2xA9lCcVmFyga1qLiy1tXKlIh87AULnHGripvsl1oMHwdZN3QQSCqqkrpYmRBR\nOzvBt4VbVSTiYOEyhpYfSePma2tgdJTs1K6s2Rws8ooqHrjamBGRj4NgvSpuVZGIFLbkBbIJ\niJfuuaykkDZbELrp6GYj+/XRzbg2qh+/pkR+cbmniz3xhpLJ41blF6s+r+MG0837YpOSQtps\nQSgy5eVizxYwrg3gadfyA0kxMTEpKSnnzp2LiYlpsKqoqIiI+vTpo7yFiIiIlJSUoqKiBrGk\n8vLyrVsVjwBqDk6evdg1MoSIgjv6CG3Drbp8Q3EyuZB3JsSzcW1FpSp+eFQGvJpiRBvnQlZZ\nmIcVEbV3FJzOiVt1u6BSZYPdFx9RvgF/RJt8Nzp7ChaeCKmfDqa0Sj9nyX9cuBEd2oGIAn3d\nhbbhVl29fUdlgypDV0/FiDbOxZxKNimYj51gvV5uVVqR6lxFrsFO7oIfzuD6/JrSan2e01/I\nrhD/2m8Xqn7thRW1bMhGkIu5UCCJm4Itvz63aO+0TmxokpLwEwtSSB/+vexopspuNIXfz11+\nITyQiIKFI/jcqis3Vc8gxjXYLSpEaJsu4YFsoaBEdUBBv57l40gtp/661iXMn4iC6u/ey+NW\nXU3NVNlgbkEJGyv3fEgHoUBSdJg/W7iTp/Zo98Y4n1XOJkTzdRC85cOtSi1QPW6IG6cmRH5E\nGxEdeFc2k8b/Dt5ik7XJYwEv6cO/lx64pXADLbqQfS/UrS0R+doLHizcqtuFqt8W3hdvW6FA\nUoirLP6SXy6Lv6gcp6azEW2cvzJKwrxsiKi9k2AgiVuVeld1eD27uIpFprp3dBQKJHXvKItH\nF5QriCGOjfFh49rKqvUZ6Gzg9MWb0SHtiSjQR/AGIbfqWprqW+MZOQUsMtWvayehQFK/rp3Y\ngsKxctNG9WXj2krKVZ9yA0Az99TUC9BYeHg4EX322WeHDh0qL38c9cjIyPj666+JKDY2lnsw\nIiKCrSLesDUWgdq6dWturqzATU1NzaVLl1auXMnN4MZvWWEjuvf5mk0VVdVE1MZMsmPtJ/Ib\n7N+wrI2ZhIgqqqqFiigJCQuUjWvLyslvdE+b0I+/Z1TXPiQiibHB0vgw+Q2+fLWzxNiAiKpr\nHwoVUdJiN+zbtl40PFh+gzFdPANcZEnRf2ZqZ5i6ur7YuK+y+j4RmUtMNn06U36DHStmm0tM\niKiy+r5QEaUWbFNKfnXtIyKSGLf6ZIiCKY2WjeggMW5FRNW1j4SKvyhs0M7ceMHL7eQ3iI9w\n5CYsO5+t0wSBBvivfclQBfOCLR/px3vtqk9Gr+XLrnmivRVPp81/7YevyfIlCytlt9yHhCku\nT/bV6I4N2te9Zeu2VVbVEJG5menWVQvkN9j77UfmZqZEVFlVI1RESWGDzg6265fOkd9gRuKw\nzkEd2PJvKYrH4zQfz/JxpJYV63dVVtcQkbnE9Kdls+U32LV6vrnElIgqq2uEiijx/XlFFvjo\n3TVc4QZvjR0YHiC7t7T1gOJLxCay4VTW41/qUQp+IleOCeV+qYWKKDUeV31pWGcXhRusTZS9\ndVdzdZH6t/F0Dve2fDq8o/wGK0YFcm+LUBElvqt5skv3Lu2sFG4wOsqFm6zt8DWdBhPVsj45\ntfpBHRFJWhsuezVKfoPVb3SRtDYkouoHdUJFlPi4wWgBbpZc5hHf2BifADfZr9WpWwpicP71\np3B5pc2o5MXKzfu587oNH8+Q32D7//7FndcJFVHi4wajdfL34jKP+KaN6tvJX5Zye/TMZfkN\ngjt4sIU7+apLBAJAM9fyM5JMTU2XL18+ffp0btY2vnfffbd9+8fXRSz5aPr06ezP3bt3E1FM\nTExycjI31xt/4+XLl+/fv//AgQPV1dVcEW6FjejFxaupLCmpa2TI6d3fJu09yuZNe2dC/IgB\nsWzgG9tM3ZZdHGTVK0vKmvtIipv5FSwbKMzDav3E5w9fkc22NqaL50sBDmzgG9usSbux70Lu\niEh3Ior2sf1mXOSvNwpZN+JCnYPdLV/wtWM3QgvuPWi6eJZKl29lsaSk6NAOx77/cOfh02y2\ntTdH9x/8UhQb+MY201cP9Su1sJrlPoS4tvl2bMDRGyX1k4g5xnawZrkwbDORDR64WjQ0zIGI\norwsVsf7/3a7jDXYP9A2yNk82tuCfSoKK2vFXFE3Kf5rX/dq4JHrxdxr7+lno+5rX7w/vbOH\nhcS4lZHBczsnh53NLF+8X5abEx/hGOLaxt/RjL326/lVXPLR6fTyYZ0ciMjFsjW/DwMCbYNc\nzP0dzdjN9uraR0IVlHTj4o00lkP0Qnjgya0rt+0/sWzdNiKakThsWN9ubOAb20xkgxt3HZ40\neiARvdQ1/MjGz/cePcUaHDuk9/NhHft2i2Q3eHPvFomJTOnds3wcqeXSzUyWlNQlzP/XjUu2\nH/x9xfpdRPTW2IFDe3dhA9/YZmJam7pgVfeoYHOJqbGR4bX9Xx8/fXHqglVs1VtjB0aH+YcH\n+LAP0l9XbwulLDWdW3crWVJSqLvlDxMiDl8p4CZQeynA3rV+nqxbd5swi+GP2yWuEaZE5Gpl\nyu/Dy6FOwa4WHV3asIrg1bUPhSooad2tgmqWlBTq1vb710MPXy9i86aNjnJ5yc+WDXxjm4lp\nbdG+WxGeFhJjAyOD53ZNi0jJKF+0TxZeHB3lEuLatqOTOTtYruVVCqUsNRM38+6xpKQwL5uN\nb3Y7eDF3fXIqEY2N8ekd7MzSi9hmYlpbsO18mJeNpcTYyKDVpJc6hHhYccPTxsb4hHlaB7hZ\nsoSjgnv3FUam7NrK/i/u1TSvgmWXU++wpKTokPZHv/lg59EzKzfvJ6Jpo/oOjo30rB9ldjlV\ndZo5EU3/+NvokPbWFubGRob/ThwcGejLDU+bNqpvVHD7Tv5e7Gskr7BUYWTKyVYWxCytaC4l\nyQFAY//3zz+6KIyqS3FxcSQXvikvL7906dKVK1dYMCgiIiIiIiI0NFS+8tGhQ4dYyCkiImLe\nvHnc48nJydzuI0aM8PX1DQgIMDU1zc3NnTx5cmJi4qBBg1Q20kBxsWBlIhsbG60M9Uo7tYOl\nHQkpKi337zay4YOqhpudP/gjmxJu1Q/b1c1mUve55LdXOb6sgb0zu7G7dkLKqqVDlic3eFDh\nIDWVlOz15aud/Z0F07CJSPrw7y8P31Qys5vy59XKALHLu1aw21NCissqwoc3zFfSbJCa+L00\nHgSXeWRt7+Xn1NpFuR2TQlm6hJDymrqRaxteYxycLruPLd+ZZSM6+DkK1r8gIunDv79KzlYy\nI5VmDk4P77XsrFq77JwcpvK1j1hzocGDXDmkBk8XH+EYH+GkfBYt+Qa/Gt3RS7i2DhFJH/69\nKSWPxRE0cGhGZ5VVkMS4dWwDSzsSUlx6L7BPw+mx8lN2sAX5Puz99qNOgQpywTi10rr/fL5O\nycxuyttXLj9lB44jhQ5OD1dZ7agxru3/mqUdCSkuqwgdOLXBg1w5pAZ9e2vswLfGDlQ+tZ/C\nBtWVnfyjysFl8va8/YLKX+qhXzQcPKVwkJpKQnutTQz3Fi5IRETSh3+zad3EPxf/STUY/LVr\nWoSKt6Wmbvjqhl/mQsPNRke5jI50Uf7Fq7BBJRo/tO3IzOiY+XvV3Wv/7N4s7UhIWXXtwCWH\nGzzIlUNq8IxjY3zGvtiORYvUapDZ+k4sm0huy6k0MTlQYiQvGKCyCpIYF7d/rvy8rqS8svMr\n7zV4kCuH1KAP00b1nVo/PE2tBpmT6xexieS+2X5ETA6UQukHVo/crbr0VVPbEie77dEcOkNE\nW+JaC11X2tgom28RQGMtcGjb7t275ZOALCwsYmJipkyZwtbOmzevV69eCutn9+rVi9uG/zh/\n94SEhIiICFa929nZeffu3fwokpJGdO/L77exAW4KKYwiiWFrLUu/ysjWJOqhY1tOy9LmFVIY\nRWoKU384e+zaXaGpVcqqpRt+z9AsiqRFa5IOskRohRRGkZ4p2/66y8bRKKTw6le5GUk3Ttws\nFfpUlNfUbT6br/WrX81s/TNf+WuXjyIpsSklf1NKnpIGr+dXyTc4aePVdOG6OeU1dY2JImnR\nqg0/s/FoCimMIik3YNzsnw+dFKpdWlx6b9m6rcqjSM3Ks3wcqeWrzb+wAW4KqRv0WbF+Fzdi\nTqG/rt5ufBRJY1vOZCv/pZaPImnd+HXn0oSLDZVVSzWOImks6VyesrdFzaDPxtM5G8/kKGnw\nWl6lWg3q0ebf09kAN4WUBH0UWp+cuv7X20oqHGUXVylp0FJixBZySprR0DZm7bbDSs7rlAR9\nFFq5ef+Xm/crqXCUkVOgpEFrC9nYyUzdFmIDgKbQAgNJwPf5mk3e0UN27j+RlpnDzRBcK5Wm\nZebs3H9CsygSEbFK20T0fdI+7XS0Kf34e8aApSeOXbubXVLNXWlIH/6dXVJ97Npd3USRmA9/\nvvLl4ZvXcu9xU7Pxu8EGu+nXFxv3BQ58a8/xlPScu9xVa620Lj3n7p7jKc94FImINqXkD/nq\n/ImbpTllD/ifpZyyBydulqp79ct8dCD9q+Ts6/lV3JRS/AabQ1iE2ZSSP3j1Xydulih67SVq\nRZEaNFhYUcs1WF5Tl15Us+3Pu9O3KL6pO2nj1W1/3k0vquEiEdW1j7g+NJO3a9m6bb49En4+\ndDItK49/HKVl5f186KS6USRm8rzP//P5uj8v3+SmZuM3yAa7PS2e5eNILSvW7/LvO3H30T/S\ns/Of+ELOzt999A8Ngj5cg7kFJVyDxWUV127fWbPll4GTFVT10pkNp7Je/t/JY9cKs0trnvil\nLq05dq1QB1EkZvy6c0kp2WmFVVy0pbr2IdcHHUeRiGjj6ZyBK1OO3yjOKb3/xMFSev/4jWIN\ngj5cg/wv3rKaurTC6q3nct/arKCuTfO0Pjm170cHj17OzS6u4mZSkz58lF1cdfRyrlpRJK7B\ngUsON2iwrLr29t2KLafSRn9xQsm+XCqTUK1uPVq5eX/w0Hf2nDiXkVPA/xrJyCnYc+KcWlEk\nrsHOr7zXoMGS8srr6TnfbD8S+8YHSvblUpmEanUDwFOkBQ5te4roYGhby6PB0LZngbaGtrUw\nWh/a1mJoMLTtWaCtoW0tjNaHtrUYTT207Sml2dC2Fk+zoW3PAs2GtrV42hra1vI0k6FtzQ2G\ntoHuISMJAAAAAAAAAABEQSAJAAAAAAAAAABEQSAJAAAAAAAAAABEQSAJAAAAAAAAAABEQSAJ\nAAAAAAAAAABEQSAJAAAAAAAAAABEQSAJAAAAAAAAAABEQSAJAAAAAAAAAABEQSAJAAAAAAAA\nAABEQSAJAAAAAAAAAABEQSAJAAAAAAAAAABEQSAJAAAAAAAAAABEQSAJAAAAAAAAAABEQSAJ\nAAAAAAAAAABEQSAJAAAAAAAAAABEQSAJAAAAAAAAAABEQSAJAAAAAAAAAABEQSAJAAAAAAAA\nAABEQSAJAAAAAAAAAABEQSAJAAAAAAAAAABEQSAJAAAAAAAAAABEQSAJAAAAAAAAAABEQSAJ\nAAAAAAAAAABEQSAJAAAAAAAAAABEQSAJAAAAAAAAAABEQSAJAAAAAAAAAABEQSAJAAAAAAAA\nAABEQSAJAAAAAAAAAABEQSAJAAAAAAAAAABEQSAJAAAAAAAAAABEQSAJAAAAAAAAAABEQSAJ\nAAAAAAAAAABEQSAJAAAAAAAAAABEQSAJAAAAAAAAAABEQSAJAAAAAAAAAABEQSAJAAAAAAAA\nAABEQSAJAAAAAAAAAABEQSAJAAAAAAAAAABEQSAJAAAAAAAAAABEQSAJAAAAAAAAAABEQSAJ\nAAAAAAAAAABEQSAJAAAAAAAAAABE+b9//vlH3314dhUXFwutsrGx0WVPAAAAAAAA4GkkdF2J\ni0poIgb67gAIemHez/ruQnN0cuEgz14T9d2LZifj0NcRM77Tdy+anZRlr3v1maLvXjRH6QdW\nefaepO9eNDsZB78Kn7ZG371ods6tnOAT946+e9Ecpe7+vMvsrfruRbPz+0fD3Xsk6rsXzU7W\nsXV4WxTKOrbOb/g8ffei2bm+deHI3Q/03YvmaEtca68+k/Xdi2Yn/cBqfXcBnjkY2gYAAAAA\nAAAAAKIgkAQAAAAAAAAAAKIgkAQAAAAAAAAAAKIgkAQAAAAAAAAAAKIgkAQAAAAAAAAAAKIg\nkAQAAAAAAAAAAKIgkAQAAAAAAAAAAKIgkAQAAAAAAAAAAKIgkAQAAAAAAAAAAKIgkAQAAAAA\nAAAAAKIgkAQAAAAAAAAAAKIgkAQAAAAAAAAAAKIgkAQAAAAAAAAAAKIgkAQAAAAAAAAAAKIg\nkAQAAAAAAAAAAKIgkAQAAAAAAAAAAKIgkAQAAAAAAAAAAKIgkAQAAAAAAAAAAKIgkAQAAAAA\nAAAAAKIgkAQAAAAAAAAAAKIgkAQAAAAAAAAAAKIgkAQAAAAAAAAAAKIgkAQAAAAAAAAAAKIg\nkAQAAAAAAAAAAKIgkAQAAAAAAAAAAKIgkAQAAAAAAAAAAKIgkAQAAAAAAAAAAKIgkAQAAAAA\nAAAAAKIgkAQAAAAAAAAAAKIgkAQAAAAAAAAAAKIgkAQAAAAAAAAAAKIgkAQAAAAAAAAAAKIg\nkAQAAAAAAAAAAKIgkAQAAAAAAAAAAKIgkAQAAAAAAAAAAKIgkAQAAAAAAAAAAKIgkAQAAAAA\nAAAAAKIgkAQAAAAAAAAAAKIgkAQAAAAAAAAAAKIgkAQAAAAAAAAAAKIgkAQAAAAAAAAAAKIg\nkAQAAAAAAAAAAKIgkAQAAAAAAAAAAKIY6LsDoH0fjAj3dbJwsDAxMmhFRNUP6kqqam/llX+Q\ndE6zBj9JiGrn0MbewpT9WVZVm1dWfepmwQ8nbmp9L11aMeeNju3cnO2sjI0Miaiy+n5RWcXV\n23feWvyNZg1+89+pfl4uTnZW7M/i8ors/OJjZy6v3PSL+G4Ul1fcyswb/d7/NOuDBhaOfbG9\ni7WjlRn7wFTdl5ZU3r+ZUzJv/a+NbDmxV/CkfmFEFDHjO826cfJq9vJdZxvZDW1ZPisxoJ2r\nE+8DU1xWceV29vSP12nW4NoFk/08nbkPTEl55Z384uMpV1Zu3q9uT3IKSn4/f2Px2h2a9aQx\nVswep/g4+uhbzRr8ZsGUJ4+jyuz8omMpV1QcR4q6cezMpUVrtmvWDXUter1HB1cbR0tzI0Pu\nA1xzI7t47nfHGtnyuD6hkwd0JqLwaWtUbvy/ib19nK0drMzYn6WV93OLK05evfPtgfON7Ia2\n/O/dMR29nZ3trIwMDYiosuZBcVnF1bTctz/7USsNElFeUdmNjLyJCxt+AlN3f65Wyz5x72j